536871059
1073743123
3758097811
11862323
873533539
2035475
1073741971
536872211
3758097811
1085604147
839980131
2035475
671088787
536872211
134219155
11878707
806426723
2035475
1610612883
1073743123
536872339
11886899
772873315
2035475
536871059
536872211
536872339
11890995
772870243
2035475
147
536872211
4195731
11866419
739316835
2035475
268435639
4286578835
4160750867
4195731
11882803
705763427
2035475
4286578835
4160750867
4195731
1085624627
672210019
2035475
1048723
4160750867
1073743251
11870515
672206947
2035475
1048723
1073743123
4160750995
11874611
638653539
2035475
536871059
1073743123
3758424339
605100643
2035475
3623878803
536872211
4161093907
605098083
2035475
4160749715
536872211
4161102099
571545187
2035475
536871059
536872211
4161106195
537992291
2035475
183
2147483795
4160750867
4526355
537989731
2035475
268435639
4286578835
4160750867
4542739
504436835
2035475
4286578835
4160750867
1078284563
470883939
2035475
147
1073743123
4161085715
470881379
2035475
1048723
1073743123
4161089811
437328483
2035475
4261413011
4261414163
10486819
8388867
403775075
2035475
3221225619
3221226771
10491939
16781571
403772003
2035475
4294869175
2516582547
4294870327
2516583699
10494499
4202755
370218595
2035475
234881171
4261414163
10486819
8405251
336665187
2035475
61623
3221225619
4294964535
3221226771
10491939
16797955
303111779
2035475
4261414163
4261414291
11863139
301991011
2035475
4227859731
4261414291
11867235
268438115
2035475
4227859731
4261414291
11879523
268435555
2035475
4261414163
4227859859
11883619
234882659
2035475
3758097683
3221226899
11887715
201329763
2035475
3221226771
3758097811
11891811
201327203
2035475
2147483795
1081523
16778551
328979
169154147
2035475
12584211
3967288759
11862195
3967288855
135666275
2035475
12583059
4227219
4195859
4588903
100666979
102046819
2035475
8388755
4227219
8389999
100663907
102043747
2035475
33554579
8389907
8717587
11863475
17139091
68522595
2035475
50331795
16778515
111157283
100672899
10847795
11927859
46207587
67110931
50339875
33564803
33564931
18421859
2035475
2002579
4292866159
2068371
4292866159
